2241
10354
10725
30948
22627
32735
26896
2035
10913
31802
25374
20499
282
30444
17342
1540
26285
19494
31237
17334
29942
515
22162
16790
8991
6411
11785
2309
28984
4863
23526
31225
15217
1483
29405
5076
1451
23533
7111
12364
22567
32486
95
22850
30162
17438
24390
23679
4164
22859
8245
1338
23374
30408
18128
32366
4051
29913
1907
267
2008
25433
31492
17225
26916
28129
22302
28367
18894
29413
7963
8694
29131
8059
31544
26526
25497
23166
17437
29661
13258
25683
30999
3864
23323
16359
3462
27374
13505
5369
27641
15513
30802
26365
32739
24951
21726
22273
20550
7852
18918
28514
16546
15282
3805
15322
9040
29302
5721
26477
26195
18979
19392
24426
22843
9947
8017
26306
4553
21522
31675
32194
4268
29710
25791
4239
21893
14749
26512
9675
22602
12662
5421
6380
27944
9226
21703
4216
5760
27424
30694
31955
13635
17318
23613
3710
27266
31631
30016
31819
20385
28924
31246
24653
25866
24269
28892
14991
6251
22636
24666
28853
2531
30088
2465
30475
6546
24168
1924
12307
18824
32618
11494
32459
17168
2340
3402
11666
1203
650
10718
21588
29574
9196
13474
22672
697
9598
4895
6948
32235
29562
3033
1998
26882
5499
32473
660
29667
1629
12967
15724
1479
24462
15415
18648
26802
18817
30314
28005
19468
8264
16825
16274
17460
30299
6179
18158
7130
11074
25106
6597
7868
28140
8595
1982
871
8300
2643
30538
9930
15610
13494
11409
7304
28910
30057
1338
14959
27604
29343
1659
3100
13401
17934
20561
10932
24113
5951
18062
2419
31057
24659
10288
26429
486
12270
27300
8787
14913
25071
18717
30524
5797
30126
5060
1939
27416
6399
16899
22252
2974
18558
25352
16375
3724
13145
27308
27837
19096
12602
30257
17386
4494
7777
11047
4980
20047
5580
13767
2193
30651
32484
32717
3680
29843
5009
5620
24491
11408
22519
13975
14383
8309
6559
30758
12034
19705
25298
7103
6033
5133
4592
23419
9627
12369
1699
14607
32417
7279
28375
1842
5162
28091
1791
8842
25166
6800
14462
16889
18209
4213
30864
32592
12523
4656
30582
24557
24361
23113
31660
30394
28246
3485
21046
5105
15854
22745
19712
15503
30024
15319
17345
2418
10643
19136
11260
3041
25937
25723
19931
11378
29936
18027
11202
9691
22683
9016
1480
14276
32129
373
11903
27607
3858
181
32712
19712
22926
19657
2448
20182
2208
19793
22600
12851
6162
1092
15893
32099
26815
3056
10709
23984
21083
21911
907
10999
30927
2388
25275
30289
2761
4410
25128
6619
4591
25073
26331
27517
11962
28779
14931
14170
15805
4763
27022
21967
5856
10147
21298
32671
13203
32007
23887
1518
21150
24795
12517
19309
27183
5025
16830
29944
9435
9191
3795
14027
1496
30126
8776
13458
26138
23708
27628
9175
28471
21882
31142
1559
32029
19672
1463
12464
18911
25350
13983
7293
17377
26500
26602
11792
31525
10665
8968
8193
19856
12763
22220
21352
10122
30996
2042
3492
21936
29670
12667
17640
18785
11041
19199
18046
30713
20662
30511
16856
13245
11726
24149
30622
5458
17983
9647
4216
28648
18615
12409
15736
31379
1861
4320
8733
89
6362
12225
22026
3265
24892
6898
22050
3165
26097
7328
1110
13992
5071
17966
27237
16797
9347
25091
22256
27330
1970
26472
23211
20586
6113
6179
19197
7974
10500
27930
8063
16862
7387
30089
20127
32279
4219
9409
2676
30317
16738
3786
11541
21809
21752
6010
5839
31099
31101
28095
25661
304
21799
16104
20890
27912
22284
7319
3118
16
2481
11181
16878
9868
8503
4238
9379
12722
13647
12055
10271
30385
15841
21812
19427
4825
27822
25266
3156
26156
20593
28817
26460
9624
12154
14582
4768
1670
21901
7886
1686
24382
19067
18564
1482
27570
22802
10861
7525
3682
22916
17796
1299
5989
6841
20726
10814
1895
13224
13970
28051
1049
10019
21743
10673
22173
3557
15441
23843
25458
23327
25529
17072
9627
11326
18554
4429
1360
29415
11954
5042
19563
29751
6342
25552
3824
27068
3598
5719
7525
17568
1003
8574
27588
22746
19248
16993
26304
1921
8069
18994
25249
830
3299
2108
12156
21853
6537
13517
18501
18492
18559
5296
15475
24901
30849
19299
19202
1679
25018
26727
19248
26021
2533
14068
16000
21781
31061
9536
23703
6362
28530
16184
7193
31829
18292
19349
20915
24829
98
6648
10553
18658
11944
26028
10791
10025
12559
29993
11705
4810
23952
30953
30831
26486
12253
14063
15499
10546
23599
6434
16909
19362
22618
24102
18423
8142
10683
6570
204
10782
13218
10757
29440
25163
4018
7463
2420
16577
4689
14125
21387
28641
12310
19451
22359
24563
746
5091
2342
24346
11525
19251
10940
1376
10585
29363
9518
21268
3166
9722
32050
16384
20480
28722
8779
24498
3418
11200
8307
8107
25325
29695
3980
4868
16378
26340
29431
17124
31431
31773
8702
10188
18256
19642
11564
28841
16238
21083
17342
19404
30805
16624
3020
18517
12579
11800
10247
15997
23000
18555
24104
15557
15482
28084
20425
31860
21656
17089
16216
20319
16094
24919
30508
1583
11793
9304
30424
28031
30387
14998
14667
28425
31623
17688
14174
11434
29488
24422
27431
19720
10209
18767
2509
25691
14083
22935
24783
2972
7256
8231
23291
23350
382
21031
24933
12176
30336
22590
7439
27955
4820
22107
23612
3675
7027
5019
15109
3747
29441
9772
23467
6882
28539
25976
32573
9855
16143
24588
12827
23399
51
3350
13982
434
24382
6147
12610
21950
28737
20049
17137
790
9388
7982
4465
16415
13001
19575
20162
9674
29347
10861
16556
25119
4070
16361
2206
20213
8181
15033
10845
8232
18383
24827
8666
9997
30974
21276
31947
26944
8558
16317
27734
17946
24299
32199
1594
4532
19006
21756
14206
15586
32618
30762
7937
3920
14355
10143
24133
22536
25176
2210
30768
10791
27037
6667
20789
25244
27943
19968
19420
3733
3517
14386
21680
27816
13817
23274
32348
56
12262
13786
15642
12112
11780
23579
16032
26135
954
7398
15903
26130
9608
13904
4153
3878
20571
24942
29122
15746
12143
15774
19480
15660
30160
8392
10709
11209
31666
10289
11265
11160
24076
26907
23273
3088
17718
6537
29224
18672
13935
12359
12034
23544
26263
16188
27422
14066
8362
23776
29813
20505
6782
16525
3398
4174
24917
14107
15383
23815
24396
26649
2207
15704
20788
25480
18793
5739
32018
15249
24411
13185
27608
3678
3961
21104
19866
31383
2402
28228
22391
32215
15966
29173
15972
19364
579
8121
703
15963
31936
25099
9844
1376
8036
30632
26856
26829
3603
26106
9310
28015
6524
4150
31693
10485
25254
18791
9101
27657
14251
31492
27104
30217
27898
10309
16813
28477
18430
17516
11672
17599
9848
21516
18975
17884
19381
13063
11945
22984
6402
21255
18231
12926
25405
17156
23411
17892
3179
32512
12781
17431
31237
7117
14880
26367
17426
31694
22076
3089
16442
981
20688
26290
22497
6895
11406
9110
19958
23351
32095
26360
11838
17558
6518
4476
1947
29930
22368
5126
29674
2381
22557
28143
9498
4670
21742
26925
3596
11051
30014
20038
12032
17934
13561
1761
24829
24967
10872
12019
15551
10199
5612
27389
27757
12130
31865
29704
9292
21465
2063
6199
23846
24620
1574
577
29290
23317
27502
118
1600
24748
20157
13632
9914
950
15393
1975
25917
26265
13994
8700
3696
19606
3322
31454
31737
2419
28390
8261
23885
30453
14460
14963
22306
16035
15540
18828
6584
10274
18947
8184
2254
6336
21816
12168
7286
4441
14143
435
30707
28138
9136
1635
14976
12458
321
13945
14877
28712
22207
5994
26397
3899
20958
15935
19934
3730
1996
26518
14005
20943
1934
16259
27279
23750
28428
1797
28192
9803
2232
26131
5173
11368
27766
20150
23826
28088
1327
5936
24032
23534
11930
17661
27434
120
829
14600
3851
2825
8351
17856
23768
10285
1347
18279
1268
29775
20076
29460
6811
22308
22823
11984
909
17821
32134
24735
13141
694
30671
4405
24228
9834
22067
18894
9954
22896
727
13805
25721
9078
31661
16721
19363
241
2232
20631
30016
22308
17323
4059
11848
7378
16044
12757
25200
15410
4725
5573
16104
2628
9979
7565
12462
32046
26459
22417
22174
27186
3454
15127
3496
2348
31848
22860
2589
1312
10723
32605
23620
28047
3897
2700
2657
19941
15458
27857
2583
20183
663
18688
22811
10642
26253
2506
9920
19944
24923
32094
14363
28377
14453
17859
30725
13533
7951
546
14845
18675
384
5697
13954
4281
8397
16611
24222
23855
11701
26805
11270
12364
12725
1314
23006
6210
3820
158
26155
28743
32252
7750
24352
13937
25609
22310
27470
793
22856
9547
19468
23240
15244
654
27521
23641
17265
18975
14729
28966
13013
25999
8562
25738
27313
31568
31949
31133
31726
25336
27108
31210
318
18693
12379
25927
8235
7081
26720
31091
16628
13420
21564
31872
14074
16317
22746
31340
2525
4707
27538
15538
30706
3333
8508
25252
2133
7689
23617
1092
257
17958
32302
575
3883
11914
26503
12118
18995
20455
10441
2856
1108
32005
1960
15182
15555
24706
13754
18080
29413
8525
850
27352
11858
9358
19836
13991
17048
10685
15083
17305
28643
14618
17881
32526
26532
11616
11876
12759
32071
22318
15615
411
21555
17576
15594
4342
9514
29348
22422
6160
5105
23272
744
16963
32631
20580
30955
16911
31265
13270
1448
27141
27888
19329
26899
21652
30945
6008
1644
30249
28326
17259
30660
17113
2067
13486
21456
11582
10067
11110
17742
15172
1615
18486
32136
1478
6298
30323
18389
4795
10825
19837
31936
5946
6399
26068
27598
4576
32076
29242
2057
27634
13734
32718
11979
15801
13436
667
27383
23503
11778
12357
5908
13393
30843
5276
14871
4373
2831
492
9169
13656
20329
8337
19602
26728
1637
14433
31305
945
10907
594
28579
24641
544
7791
7675
13981
8458
2290
4716
20236
14648
10624
861
12723
15900
15732
17097
18731
16224
26266
32388
3786
1835
19222
30514
3473
887
29051
4418
11795
29646
230
3668
30190
8021
11343
11403
16479
13634
16120
3948
28282
26744
4809
8237
9877
20542
25334
28608
3998
18832
28228
7784
20668
14683
5531
24141
15570
1814
28559
27365
31460
28789
31034
28883
4042
9609
7518
20522
23243
23638
24470
18757
17615
29279
26995
27492
17053
19561
23332
21052
5626
18793
28836
26294
708
1599
17667
16278
3414
13458
10876
2106
9480
9142
30989
13522
18751
5740
1276
9227
29378
25746
27984
14225
22258
22211
8949
6543
9005
32282
27595
14631
18307
23664
8157
19015
25263
25824
2525
28677
6514
13401
30784
15994
22543
29005
29517
8527
1977
30793
17754
31356
23772
12970
12813
13262
2414
21763
19805
11419
21277
14633
26050
6816
5529
1439
25831
30792
27263
28356
26702
1009
8990
24718
17004
31533
20955
13753
7292
22933
11778
25046
21521
2782
5249
1566
16044
7663
23329
3082
19082
11838
17715
12364
18654
23244
13803
11717
21268
8298
7306
15202
9307
16296
7152
26311
15061
28108
7296
22354
18273
19075
14632
7026
21857
19881
8592
5134
27544
31922
8216
13858
10992
25931
26222
29647
16407
7257
8596
4907
15555
15902
20110
24863
32198
27262
18406
14492
22602
25703
4078
8107
12010
18710
15133
1099
5824
23726
6233
600
22880
14449
14459
1104
7612
7913
30751
24019
15171
6580
28927
30726
22482
16269
22821
21913
10763
8460
3637
598
1395
7715
8705
13405
26425
23839
14504
32249
14797
20738
82
4909
2419
14541
6013
10032
22454
3997
1283
4857
10577
30210
2816
291
13711
25637
22204
24475
1329
25841
25073
2724
788
1010
16129
27214
24849
30634
26695
6878
18604
26777
11787
21023
8550
17801
31055
31005
21798
32339
3094
32375
29781
5910
32666
10725
31548
22103
2432
109
15176
27505
2834
15965
28515
18963
10411
20597
16829
4338
27475
2665
31116
6495
23689
6898
24296
21976
5135
13326
21547
8230
12933
18561
14140
12831
29286
12920
2166
31718
13030
17343
26455
15864
540
22202
2059
10951
10031
18889
15289
4739
21554
13637
11234
12475
20536
2762
1684
25671
16088
23231
1133
29021
9024
15274
9084
5542
28194
11251
4492
8456
28594
30947
24320
29134
20382
26380
7317
30413
12501
22606
2384
1287
3476
13618
13763
24012
16380
15447
16915
32468
5910
18049
28721
14935
555
5038
20477
28749
16289
24970
4438
12115
23149
28758
8481
10763
22370
15798
8409
2103
5636
10793
3391
9112
24412
17154
356
8024
32601
17272
7725
5743
2553
3678
20678
3108
8716
8388
31857
25005
590
3527
4352
23739
32286
12833
1735
21888
28631
10144
23992
1500
20937
27383
10612
12581
11769
10969
20606
11602
28241
28331
17345
30794
32009
5256
1134
7958
13644
223
195
14234
3751
4548
5205
3269
17381
6940
25157
13245
17084
16381
14745
5254
10996
25357
17835
22765
3558
5673
1599
31799
1236
18945
29825
478
24201
30959
8436
5077
31183
8631
19311
2166
13179
24516
5435
30561
31457
30592
11038
15773
14206
25783
21027
25202
18372
6095
15200
21931
11768
16799
20962
13005
2976
18020
13483
27177
16211
21919
32254
14626
30550
18797
16792
10962
10546
22227
8755
9235
20052
19793
25008
1490
12808
13268
26692
31180
19363
9124
20343
31131
25924
8538
11368
28900
26558
24851
23310
10001
14002
22796
24628
11785
8826
8652
22747
19372
30880
31502
28607
18164
18527
20847
19654
31335
1347
13578
29747
20710
22703
17323
19074
15859
25861
30442
11991
19651
22526
2533
29652
3760
25330
21512
15545
1388
30165
5524
20760
28277
4258
16599
13673
22785
4678
559
21352
6026
14137
18332
26736
4072
2887
13042
19931
28748
10717
31923
15631
475
1688
12515
4235
27018
1260
19781
28406
31425
25305
16398
26934
29564
229
7839
19581
4908
8398
8166
10934
22535
26498
4902
26608
29385
17945
13771
25365
28662
12926
8228
29137
14615
20743
604
8865
22003
20385
4504
20660
12923
20902
14826
9719
21132
22665
29300
26040
31063
4698
4206
20831
31196
9108
14671
27813
27053
28442
20410
22947
8601
28638
19316
23216
16614
19921
32081
5849
7538
3817
26510
20461
24720
8568
30180
13084
31234
26713
6356
29529
31411
10562
17592
29840
19670
32263
24885
13956
27938
12528
4135
3771
8398
23452
26987
25012
10605
26300
30862
18143
30118
24604
5837
22070
404
3249
2386
31638
29962
8742
28400
28606
19304
13224
25678
6206
12720
17795
20162
7890
30323
24298
11661
5954
14982
5880
30966
25587
32180
29060
10962
29530
20896
16799
18832
21301
20049
21218
20171
17243
29960
15803
13081
16496
29028
5991
22703
8980
23787
10097
16870
21342
1627
28531
27296
16609
1643
25495
9428
1055
21787
20391
30586
9916
4422
16650
31217
24471
5101
18620
8947
2293
1656
22028
18790
30684
28020
8725
6896
19039
18822
23766
7613
20450
19529
2142
4291
21172
27637
13720
22227
16656
1343
20045
26572
5765
3928
25021
30237
9029
10874
6416
11322
12530
28444
30112
10446
23696
6069
17342
9967
24892
8340
17581
12574
27869
19723
16865
16273
14592
30585
5732
31248
31928
25778
25053
4926
29706
17306
2395
5967
28180
8811
17289
7942
4487
14634
18388
28184
20703
2962
5383
12827
11302
22964
25401
6403
9919
9499
22676
24511
7316
28409
22992
6477
21419
15277
11403
18357
32583
13798
24324
27996
22609
8845
3170
27096
23479
21559
22512
11415
24521
27896
24242
3056
18092
16876
9459
28012
26375
32136
19755
923
27777
9979
7400
16428
25256
18803
2017
25072
32601
26341
20300
22442
2418
23470
16771
25898
12261
6515
4545
4015
1643
28787
7071
19736
12895
16530
14980
6502
15898
1967
7426
10907
11947
14826
27335
4435
862
29352
29507
695
22925
17039
23138
25344
7742
7141
18474
20003
13656
23019
24018
15300
19038
31089
2268
31934
14852
17248
5668
30750
19215
13094
8890
31162
27921
3457
2830
28783
42
32337
29478
22967
16609
19848
15543
24351
26989
1249
11586
7878
24268
2837
23178
10539
1158
25446
9705
16010
9926
15373
13993
29141
28468
22883
27536
23621
26340
30366
19636
26382
29935
16346
16582
13776
3427
32125
5359
30416
607
16946
5526
24875
19783
28704
2646
20941
21382
12351
4184
31308
27725
18177
27682
23425
8292
22450
14278
1864
20048
1146
28247
17215
17492
12061
30992
20919
11418
3583
18568
12025
20529
24094
4133
7544
20031
6779
28486
8645
19131
32670
7186
14088
18079
2100
4745
26371
24550
19023
28235
11830
20169
23714
29045
4893
3007
27269
25813
14426
30853
11613
26451
18614
2939
30584
26159
22970
4596
21877
31616
23727
21779
6034
5047
7090
8134
9792
693
32684
28815
28928
11746
16216
19875
8023
21109
22882
2525
14154
4540
610
25767
30992
19224
28707
28808
12615
18909
636
1724
17757
24363
23503
23791
29410
30593
31925
6434
31286
31841
2481
27447
10819
18697
14554
18843
7039
4668
21368
21193
9209
21978
14193
7433
8434
10132
3473
21050
29041
4110
22774
14031
28473
13510
5054
25116
11335
4212
31550
9854
3285
1264
4533
14105
19961
19087
180
27000
23755
21548
15426
196
10758
29619
7629
19192
6983
11103
7474
3256
15213
30249
17287
10918
10991
22342
3266
22326
26554
2049
32180
29839
3313
3945
11176
23274
23032
11356
17507
14020
136
165
14216
10894
29784
21846
30087
3999
181
4793
7255
15394
2274
24543
26312
13265
14117
29579
2824
7903
31628
2236
4974
2173
6182
16151
25447
29214
27507
10186
10466
27644
10351
24683
5770
7367
13761
3089
11366
13942
7883
18622
29336
10157
10397
22880
23423
24514
19691
26247
32417
18551
28483
4623
20724
1897
20774
13404
31112
15514
23590
8810
10390
1174
725
16160
8541
14486
19250
19908
28428
27133
5762
24996
4522
16159
15109
27945
7905
2032
21424
7554
20584
17140
12177
8540
19037
184
21944
17381
15698
12767
26192
26088
13941
26917
9480
22482
8636
28730
9622
4296
23095
15384
29293
27618
31543
11634
22795
6680
13666
11452
14234
1482
28592
26412
10023
14861
26596
31967
32243
9526
11966
25667
2846
25907
19816
12326
15622
28452
8289
25244
32749
31384
7861
29274
26234
6636
8140
16262
13317
21806
27714
27551
23289
23538
21195
544
5631
15023
32511
5106
24549
11710
30773
27395
4849
17822
6954
20471
13506
15243
12948
13487
13859
20809
9993
7326
27445
18133
23588
7994
7172
18534
2778
30461
9304
23973
31005
14935
6229
30748
20042
30778
9690
18047
25406
14540
3101
32360
2243
16608
14835
15191
30095
28694
3232
7321
3252
30678
25454
26840
5904
32626
12606
8682
30319
21910
32656
28556
4078
6117
26537
24120
4127
3459
9399
29533
17999
12501
29125
20243
29109
11192
2666
26436
7119
5899
989
10371
3809
26444
4444
9713
26302
17050
18396
23854
6193
18284
19642
10271
24401
13411
1623
28528
16871
11022
25294
2102
23523
21651
22345
19864
76
25012
13533
7195
30911
14522
17566
1952
8198
22010
11665
1733
6293
30061
25587
12486
15577
12461
22757
7210
25873
24380
2971
9976
2634
28265
12078
26158
17148
1656
13254
17224
26668
26787
24419
24811
8542
9218
26763
16740
31228
5660
18473
4753
2954
11292
17239
18531
23754
7228
25742
16859
31608
28713
26835
1475
24210
6145
27633
8590
7801
8119
25815
1701
2139
17466
26512
10681
26684
20507
27421
25145
26168
13127
29898
29122
24419
14370
14885
15405
21598
7859
32264
20439
3804
26331
21914
28014
32477
16779
3837
7510
24898
29652
9212
27037
14350
2956
4950
8267
23464
32372
644
16864
12731
30542
13218
4382
12144
28103
19788
975
3195
19284
21414
6999
12848
10560
2246
12557
27339
6083
20067
19469
2967
29279
13739
17317
32236
18689
25584
22932
18293
26228
7028
31024
24003
20246
2639
3379
15581
22427
4354
18776
8943
25768
25776
21791
3560
28022
1580
30899
1337
21648
17601
4304
18159
31340
21621
17627
17261
14438
7791
2787
7898
14819
1043
31901
2297
3682
2513
17879
26109
6867
3887
2285
32636
29663
24076
3428
24917
25657
1560
26254
14537
19161
30558
32696
17733
19412
17556
2226
1082
25347
5013
8980
7399
6057
8114
9696
9739
10627
27575
3081
17494
31463
5366
17362
28358
29442
20791
20508
22331
22351
13994
4100
8744
11785
4029
26477
31197
21585
28703
32279
14164
949
8491
21563
7006
16605
31260
16745
27232
26067
19826
11959
24762
25192
29321
20353
21867
17344
8093
11430
6927
22087
15531
15671
1104
19560
9380
32301
8377
5316
31812
22541
6265
7536
11337
13271
24141
9829
30016
18606
3128
17075
30565
27891
9499
27118
15476
31366
11695
23569
10029
18622
12888
25560
1526
13993
12352
10906
13526
20729
16222
12571
10502
22487
20107
21839
2990
11480
31668
239
30086
2029
17314
27883
29920
26813
22234
12628
25412
1161
3429
2673
19783
16317
28233
21309
30310
7817
32216
11069
28546
15670
23640
6280
5390
10979
28120
8380
22459
27020
8619
19778
29049
25933
14893
26201
19979
4359
6061
12623
5520
9490
15296
25304
25808
10761
13845
23350
18578
13293
1651
14356
28964
25291
20636
1586
3502
15988
9966
25962
10241
18586
12972
6522
11751
27865
32724
31730
32225
6017
11585
4977
15508
26881
30281
8548
4874
11359
31898
23452
24652
782
5040
20848
26073
25677
22434
29576
8897
32401
22770
19138
18219
2974
25661
29970
30839
25617
28933
30296
31634
7750
2506
14374
1864
19
22922
6738
11378
22053
30191
3263
22835
2463
24111
16140
28140
13778
12948
4270
13411
2950
23408
31630
5924
16301
28832
3996
9150
24997
1524
8017
32748
4030
22391
1844
4050
12546
8582
15428
1831
6005
18691
24666
8469
10035
8038
3841
23813
20987
8111
4456
23937
31520
3318
29862
15053
32150
1090
24204
24380
2614
32221
24360
6645
21844
26204
10695
1622
2018
26123
3453
8024
12047
28119
16493
22082
3390
20334
13127
24377
28446
17583
15546
27198
20901
12640
9483
20283
13730
919
11895
16345
372
3487
22990
22217
29691
917
23839
31710
27040
27293
6966
6319
22644
23459
28401
26034
11025
8760
17643
6703
26343
422
1133
14476
13062
10617
1992
26793
11536
13887
10370
11909
17375
592
1358
14298
1509
25197
13240
28549
19722
20206
2101
9599
10897
30502
2865
21923
6495
20509
28626
70
20931
29760
14547
1225
7609
16539
28018
19145
30426
5620
31054
15033
6212
32412
29332
7721
24842
9804
3503
11796
30011
5604
21395
8140
3338
24261
30063
9833
12002
25922
9904
165
22914
24451
1390
30523
8222
29409
16900
5880
2261
15187
20914
8474
14831
17478
16195
6905
27282
19698
18702
24525
25302
7329
32666
28641
31590
29961
5706
10824
23115
15610
10989
13261
7293
12380
11016
15515
9021
27917
21396
11282
10336
9542
19756
25167
27020
3184
32073
21534
22882
18007
13292
15417
25336
13190
11290
24159
10383
16996
2215
731
32607
13205
13992
7132
25585
25009
22648
1838
20158
11276
13120
30494
20818
109
22893
15070
3293
22198
3836
26175
7437
17128
8824
6
30318
20114
24165
7934
4343
26380
8665
4182
6817
22657
11314
32402
14898
1194
1472
2288
12470
14593
14
520
14702
22908
15590
17995
12338
19427
11402
19776
3787
20227
19782
1338
7573
11179
9272
11916
4791
17937
16098
11609
7826
27413
11243
22725
28607
12716
25013
8310
27309
25028
8830
9243
15168
24421
27238
27506
11080
5872
14514
14867
26099
1528
16205
905
12707
25477
12821
17499
10646
28920
29108
18473
23565
7583
8430
19404
20299
675
27714
14840
25703
3777
24083
8103
28198
18553
2842
6510
24426
17356
21377
17757
18885
4815
18662
31592
30292
31484
16323
8171
27636
12663
26644
18433
20247
2306
5069
7778
2981
16
22619
28685
3793
13934
4020
31991
32488
6862
5733
24146
24219
27110
9135
10336
31925
27798
9160
29450
26514
25484
4853
21382
5379
31497
7047
25626
1035
12116
637
4016
12132
23256
32701
15925
4422
3954
15148
4142
10816
20881
28288
2267
15224
4656
12603
14381
32454
21764
11063
26200
14480
15916
14814
19859
14645
21861
12718
15680
1209
13355
19697
13342
3843
19630
29267
8265
23584
11648
12408
1633
32529
7928
3900
14985
12584
16504
29367
12270
5500
7662
5702
19980
23579
20516
7071
5456
9609
19789
21137
10819
376
8066
24161
4219
27696
20660
12485
18513
32308
24893
20146
32070
53
24046
14287
12638
7782
10886
24908
13282
18549
30611
494
9360
18359
7566
14816
27969
27355
3185
6020
27732
11251
30181
31951
6180
18073
11668
24693
17614
3793
12071
16916
3847
3349
31203
16485
11132
9322
8625
24414
27871
6468
24909
4463
24828
32475
19279
20029
27062
22465
26049
22026
948
23462
21210
7128
8767
110
31821
26381
3904
11124
10529
7751
14474
8965
24236
25606
18287
93
17252
13390
6562
9393
17853
31390
9100
4364
18651
3395
26829
11932
25421
27778
2626
13863
2138
11393
13974
1192
5007
17878
12316
15536
25629
26790
24501
17097
19628
10020
17190
4113
23410
23752
13506
8495
22374
22607
12860
8257
26002
6921
20189
18655
1931
22815
32519
4070
1441
13725
5262
6448
31603
17578
21984
24464
11601
13718
8793
31229
23738
25983
2574
14381
16968
16081
22876
6574
5920
2968
14832
31922
9890
2253
17809
11821
25069
17560
15891
26510
31285
21153
190
30120
5964
22174
21816
17565
3124
30609
16026
26863
23825
18601
8476
8025
1914
31352
14599
7834
1553
29431
6988
11443
31685
24797
23264
23986
9590
6388
17728
8107
27541
17918
5460
737
7324
27276
18302
10449
25118
1561
4544
16175
20162
13020
24200
22076
11604
6031
29910
13157
2695
4130
24600
1612
28927
15097
25598
5749
21485
10558
13857
16258
28476
19317
16996
3032
13825
2530
13481
6175
4091
18025
22350
24253
31045
13782
13561
9882
19814
10703
23039
22509
14833
14872
24121
10993
29969
16951
16742
18686
27509
30599
2176
23217
17148
19172
26249
30974
21703
6963
4381
25794
24988
26732
17280
23266
7746
30841
380
27560
8777
23419
17301
23610
5523
8654
1835
2724
25605
18578
21410
20346
16409
23587
10795
790
9991
4277
31764
31694
11240
3377
24721
3460
30109
9233
26726
5088
7306
27106
32648
16083
17758
17182
6926
23281
25836
8761
26006
18674
27339
14648
6252
10981
5467
17048
11771
15459
21325
10767
14385
32565
14144
6338
3257
11486
15571
29984
16574
22878
24322
16454
6193
9312
868
13119
32594
26705
21881
25832
12611
16452
7712
18863
27433
13180
3143
6436
28639
24468
17203
10256
24265
31348
16595
27523
10066
32166
24739
26640
22276
16293
10326
28470
25606
11195
8821
25432
5132
30702
18496
17743
14387
26208
3838
9052
6620
6982
15489
2491
31450
32692
12748
22948
31272
29343
17703
8570
28741
9674
2442
18250
25967
12769
13952
18805
23964
22773
11469
29096
20708
29965
14071
2327
23406
17909
11379
30026
24891
26868
32518
23574
26793
12498
13754
25297
9073
31457
1100
5046
8363
3542
23296
1562
16311
4480
20368
7507
27254
31837
3835
15194
29035
17906
17521
19673
3048
28900
16931
27939
23001
16681
18745
17026
29179
32499
9555
5484
31188
10655
10531
6783
14198
1059
8346
30509
5540
28714
5249
26
27783
9084
15220
24050
26991
32741
10955
30039
28873
27887
25210
19106
11800
11188
3364
8212
10919
12920
13696
9340
23575
24227
16123
5005
25287
24469
2747
30827
20415
7996
30853
15431
17080
13305
6713
11303
13278
17669
8574
9383
12788
1017
28490
24588
12205
31854
32
23124
12006
13729
32464
2814
5188
15820
7819
30475
7521
10566
28534
27937
18562
26619
10600
2875
7156
17313
14178
20434
2214
22753
29818
15002
23770
25540
6823
3207
24626
6855
26331
3865
20584
26028
6679
25773
9080
14498
23480
16601
25065
19247
11770
10859
13098
22370
13734
20255
6916
27913
7921
9130
17898
4971
24133
8900
30511
30956
12107
22370
5043
5670
26235
25628
31698
146
18633
8010
14644
9345
24612
6941
28592
3614
17801
8923
25985
31535
29178
133
26680
4331
9263
11810
9303
628
20710
7046
31584
49
29416
3860
5720
22883
29488
4650
23029
15353
12661
4906
24698
4505
11847
20523
8119
29648
29446
1336
28416
25856
1469
22328
30187
10733
1371
6722
11361
22081
13769
10178
22131
10417
14038
27851
533
10758
32501
23562
26111
12394
28468
18041
16899
7548
5796
25019
4428
2474
26355
76
28330
27825
22405
25750
5790
23776
32472
17151
13089
13473
27329
2452
23891
8599
30303
24424
19357
30037
15218
12700
9663
10919
30742
26563
18467
3770
18814
22895
6245
12401
22972
1807
7458
12609
27557
13248
3617
27262
30400
16706
7967
24961
19159
31858
793
16694
23514
20150
13963
5965
83
23627
16884
30825
17422
2583
1827
3468
25478
8072
15869
15682
9880
23328
28291
4669
3808
31908
31931
1440
15847
7131
26402
2238
6221
27195
18932
29736
14577
128
2933
14660
23755
19817
12717
8409
22400
14545
11877
15110
22617
27746
30793
32497
18306
26316
4399
22115
25457
3562
23555
8536
10693
17189
10774
16915
11616
29706
13883
26194
29834
16816
8086
20821
3865
20804
29230
26265
2581
8339
8607
25198
3318
6632
24928
21624
181
29327
10971
25638
121
1759
1406
10815
18948
12180
27730
30565
9118
8845
23991
6185
25661
32077
27006
29526
20113
23469
23023
22694
31808
31630
15125
2358
5495
7285
23983
5676
3844
2186
31314
3965
3945
32720
14780
22894
12132
9742
20691
21250
18587
11914
27435
11480
11223
21674
8238
31337
12375
31261
21263
11415
30124
3620
13774
2851
10905
4989
8527
14749
7175
7073
18715
11121
7025
727
1247
19157
10470
21938
7639
29057
1084
2307
7770
12307
23981
16008
10876
3588
14502
32140
15003
11858
2992
28777
14709
13898
998
23236
28647
8174
30309
14594
19295
4566
15322
20542
23723
25792
9712
31362
22081
10796
901
29851
23103
24882
13092
1212
28470
27594
584
10706
6684
3576
6715
21393
17474
7714
11861
13354
15888
9402
27948
2415
13968
10502
22957
4923
3526
32669
3517
25608
10697
4419
22691
1032
29301
3015
2244
25004
30609
2828
2942
4525
6405
9657
25918
23879
17371
5011
4465
491
14413
32414
2906
28381
10148
25863
536
13675
25764
4054
6515
3693
8473
29206
4726
5006
32222
6970
30010
30063
9799
184
1821
16204
9842
27739
7315
27213
32751
11781
27705
14396
11427
30611
10010
21575
23707
10546
2482
16703
14600
8997
20397
23073
5436
25123
28080
4890
32093
25322
2185
9124
25507
4006
25328
2581
31746
32644
29794
31729
11657
24731
13357
23084
22575
23367
11891
13514
1146
14374
30217
15746
23371
17846
6052
28807
10201
1364
929
9527
26686
3115
18651
19425
7121
11212
22006
6099
11088
19033
5060
22745
10996
18418
13061
803
9017
24952
14317
10163
6558
11767
25910
29930
29613
31962
25969
7047
558
26899
16574
27244
30014
2457
13902
4367
13669
3140
10467
24757
22173
15527
14734
402
1177
27795
1205
10195
19980
15523
20358
26538
27290
13500
23700
24135
12694
16902
31182
13252
11033
14988
7729
8279
17446
21631
12646
31115
24771
23113
23105
14177
5873
5071
14579
7050
99
15784
17245
20079
31307
4836
13849
25829
18336
4782
17197
31031
21684
15611
11515
32717
30600
19244
8228
15278
8107
20874
13625
111
11220
3962
14288
17093
9034
28867
24143
9133
11883
8621
29212
10423
13457
10293
3484
31793
15075
20681
30056
3991
3525
8804
3940
1357
28048
12168
16635
3388
275
30260
3499
11495
1455
17787
28588
10489
13886
19963
19622
25769
28584
16066
3424
9273
26359
6909
8299
8667
27590
5587
12658
31115
14391
16599
32472
9672
28767
16339
13060
29042
13832
16559
7769
15287
1578
3589
25776
15464
23553
12630
8465
19369
28696
11890
28643
22287
18799
4174
30954
13621
9761
10845
11969
24153
27444
11673
1057
23443
28013
14117
19718
9077
30676
27487
24364
32254
31077
17372
14950
21862
30002
23415
8463
25930
2537
4338
15449
21336
8512
13636
2190
18274
24481
14159
9659
19157
25832
10716
9832
21077
24833
29550
30154
22741
24270
21750
22227
22579
6354
4409
11673
3588
27824
20136
29518
30362
24475
12200
18930
219
25836
21120
18493
17549
2511
28152
3938
28344
6100
13770
16653
30933
10553
14040
20906
2055
3022
10365
24634
9377
14774
3539
12965
9831
23675
9716
7425
15382
21916
26355
15602
14984
14708
1327
32533
17219
29480
3703
12795
2812
17473
29449
978
28026
10721
21884
30081
13743
32250
21947
23120
14256
25486
3318
24087
16394
13034
31512
31776
2182
25100
14610
17166
7040
15938
16931
24259
12650
20634
4287
15462
5339
968
16440
598
11689
5557
30679
25432
5039
19859
15785
19295
12577
19103
10615
28971
32137
9359
27980
1551
1691
9822
18717
8731
25760
2880
223
5642
23514
4510
21105
28853
5478
4777
29451
17167
10334
27363
9831
15373
14454
25616
1901
27031
11951
12516
23235
11320
21875
18447
12871
23567
28269
31588
32298
21262
1700
32521
26904
25214
4263
15241
21300
9741
20019
17983
26908
30353
12578
3972
12959
27032
29588
14860
21296
8772
27376
11763
20092
16483
30210
196
7282
25711
31784
6813
14205
717
6566
8342
25931
10830
23583
14463
20571
10834
32447
14712
8420
12257
18684
21379
6522
15504
3471
27818
24276
30847
6813
11601
14562
4255
11797
21845
29966
10813
28658
11404
11530
2456
19746
4694
13286
10561
19157
1090
21396
18836
15802
29816
31094
1718
18427
4848
17222
21898
32666
8731
19977
6711
20332
1771
10966
32129
23616
8164
10174
19506
19568
21705
21963
6546
26399
2481
17108
12788
3571
5736
31625
19373
2784
29951
21091
21211
2031
5546
10341
1929
14277
30318
8640
1841
32089
19606
1202
22938
27770
11376
9676
14571
313
31639
21117
26712
1353
5457
6733
4924
11193
5590
24298
13977
2773
12621
2420
4804
18167
12761
6733
32444
10311
15373
1517
9633
2211
2719
32571
29981
14096
9479
11784
14409
8351
134
8354
9704
5591
15087
14628
16785
20677
6158
30762
23450
18780
415
28254
4179
13176
2219
3856
23488
17592
5373
353
19803
8093
156
17016
22189
9635
28801
3830
17986
28935
12184
27690
1758
27271
9551
18543
15180
15709
16538
5862
1721
16953
1348
5901
30129
3567
9757
20849
21159
15130
21202
8194
23223
21358
25211
12644
30994
21244
16475
16212
17411
28659
11135
19169
23163
20686
4945
5575
3627
21483
11438
5349
5668
12786
11250
3029
16354
21007
23879
4745
3369
12313
12940
26593
904
5383
6469
31898
26627
22944
15342
11270
18836
26477
30439
9231
14395
2616
14806
18023
24099
26244
23372
29767
6263
1854
29
22617
22861
23908
27362
26230
3453
7534
20055
4357
12917
26525
3487
6776
16701
18830
18046
2769
12539
15718
12000
26935
18334
26807
12190
9666
20283
2794
6665
26546
4648
6694
16395
27509
30602
10990
20971
1288
18524
8259
5645
31442
2016
9133
5450
18717
27963
23497
21487
7734
6447
719
1901
24781
27526
14091
1679
15042
16885
8345
8820
21533
15039
25216
16274
12874
3438
4478
14162
21962
12737
19807
20636
14753
28940
26087
702
24135
16816
22189
31870
23263
22909
1003
15276
17667
15095
16956
32709
31980
25301
8762
20746
7572
1210
4252
20446
4648
8730
1840
26610
21467
21648
14479
3452
17820
7798
4155
9188
24614
26344
8290
15109
16485
9293
30385
1385
24388
14573
1326
23601
7106
10088
11579
14679
11298
15831
2357
15946
24562
4198
9789
13261
25846
24268
16714
10898
32066
20869
20086
23912
14445
28376
6253
30931
4902
3870
32316
29290
18444
874
20123
25550
10963
31702
7461
22261
14766
9819
5440
6560
14017
15229
19821
7095
6729
3767
17993
6027
24636
5312
29939
6314
920
3424
4477
5822
7294
4025
2345
25738
4899
22468
18521
15862
21403
25982
5356
3401
3033
10796
9961
17050
26025
29782
24145
32754
782
9371
6013
25418
14683
3184
31732
15603
6608
3441
21426
13902
7466
23771
6873
12366
13471
25394
28228
2106
18608
816
5507
21642
11612
15468
5924
4869
12483
30070
4855
13265
6673
10868
5915
21356
14052
4880
4191
20660
8321
25617
1795
15788
16620
8668
28154
30092
1294
23614
32198
19902
24431
4938
8776
3275
20406
14701
8145
121
12003
13000
13386
18676
23869
19302
7264
5153
24182
11455
25814
32503
4305
27609
15523
20925
3509
10909
18249
4803
1756
17680
24705
26187
22618
714
29462
10256
15415
4839
10378
27418
17840
23764
13326
8941
10298
20590
14094
1712
32045
7140
1448
3582
1981
16971
24508
5490
27881
9989
10293
29637
27669
2231
23056
17519
2945
19750
27776
18360
24590
5386
13010
9662
29150
26336
18603
6681
14158
32697
8393
13435
7070
9841
17018
9051
26813
8758
14542
21926
18747
24835
18795
13649
27066
9083
31168
30011
28833
26176
15603
20655
31562
28613
30317
27945
22181
16152
1858
3571
16082
10251
17007
23152
20093
1257
32203
14138
10015
13977
3296
28762
6045
22091
9643
343
31174
8044
30355
27239
1452
13190
15127
247
9036
12676
28192
31217
28829
30050
2021
12143
7533
19028
2527
27626
20285
1962
8996
30300
15940
12292
26294
21985
1615
3170
22328
21
11214
19915
27261
12666
338
9620
12913
9374
22296
8337
7823
18357
5619
9844
30500
13153
28872
259
8011
16389
2222
17008
13921
18162
29300
7448
7379
30916
10618
29707
30937
21832
16855
25430
1730
17193
2282
14644
26567
24579
22981
1622
10168
28601
11467
7901
8986
7571
8160
16997
23961
10382
1237
5114
28544
30538
12562
3155
28686
23180
95
26855
12244
16950
19518
13975
1375
21800
28619
27942
13611
18832
29564
23780
14665
8263
31681
23651
15835
7073
7881
7028
17456
9118
12142
13232
6888
24705
16388
2806
15117
16483
29662
27362
665
16412
8569
2040
5444
4420
29982
19056
23252
26778
10068
5150
2274
8981
28801
18109
16054
3914
25137
742
13033
4511
13975
19921
29216
30363
22728
11566
14078
19622
6160
14743
3266
14729
16783
8710
19149
13997
27766
9633
8007
5066
14783
10281
14047
10817
28390
30102
14731
20759
30844
27764
25271
12051
14918
21719
9646
4878
517
23724
24500
6677
5699
27766
21406
22482
3708
7787
3711
31475
17421
11719
3773
32204
22000
17821
10253
17623
15155
24985
5614
13231
19981
30885
25283
2131
19837
2161
7009
20354
25886
31509
27032
31585
26507
15670
21300
30216
23458
25011
28923
8111
3962
32696
7547
25963
17749
17801
10818
136
10018
16432
13368
29999
14550
5883
32131
1619
8044
6372
21973
1162
5114
16237
32748
31621
31908
21280
29069
22598
13523
25224
30709
17486
25153
5488
10681
10134
23289
21499
10271
539
5163
23639
30539
19713
29522
29902
21332
4798
3506
10538
5961
8620
26775
5941
7474
25915
27221
3775
15745
7976
29000
13686
25462
21385
19175
3375
31519
9696
24874
9022
10236
30038
32661
8007
16983
29415
5141
5548
1446
8647
16086
7407
17268
10093
13348
24742
3241
7801
28517
18986
15777
24749
32673
8472
13366
19080
11847
12118
28776
3954
21140
6244
1224
21034
14251
18207
17681
19392
23755
19127
28040
7073
26534
12540
17167
7114
4514
20408
14915
263
6626
30693
25013
6531
6397
5611
25611
18244
17729
21620
22198
6102
27864
23422
27136
9348
8862
12049
28740
32617
31177
24012
6923
24943
3784
24090
32058
8298
11730
14205
8562
18356
12130
807
24888
18527
6418
17731
4004
24148
6583
26202
30250
1680
16857
24618
11028
25719
3899
7000
25568
2308
31013
32491
27252
2029
23813
26542
10328
2775
7979
18890
21132
20110
19697
13252
5869
26115
30983
9873
17495
4799
3308
14977
6479
20165
6827
17507
13116
10727
24507
5916
13035
22752
5640
7519
24782
29453
1293
2342
32229
9273
21232
20593
29383
8161
1077
2484
1508
32060
12358
19004
4091
15666
1213
10570
3063
8041
28077
16179
18768
19817
22095
31803
9801
27735
6555
1815
24421
7848
4157
23882
17121
25389
11707
13736
782
12784
16221
2291
12076
28579
21295
16168
11477
22508
26738
14540
30549
22048
30719
16549
9097
20046
15585
18898
15014
22140
20714
6667
29988
24871
30549
14342
17493
9488
28078
18275
22272
11531
20566
1580
7342
9093
17748
18819
31602
11719
591
29383
999
31310
13165
10096
18589
28750
28994
835
18122
16940
7502
15342
9044
5283
29684
26537
14771
24995
12044
4275
3758
32611
5855
11101
8936
23604
29920
7770
2555
30512
4386
3554
29054
17551
13650
14875
13533
9876
15710
31655
26817
23212
14229
3093
28495
11146
29630
10498
3373
8906
14773
7131
8749
20629
18232
17686
11465
15385
25456
14020
13129
29842
17574
9415
14625
31224
24291
28158
8332
7233
27045
2381
30446
8507
5474
26173
19653
2336
3904
23026
11243
18677
30157
19992
6538
15622
4910
18003
31007
30367
32023
11368
27441
16829
20783
9299
15285
12306
4689
23618
19540
31735
25999
17218
7474
31474
10623
27127
1042
14527
17385
12285
437
14774
32278
6975
30396
4420
24979
28635
2019
24234
7235
29461
8296
28019
5992
23581
7557
10681
14431
27097
9648
7663
11547
17122
6369
22171
11481
7411
3930
28866
19697
4367
10873
19207
11343
8501
23627
3554
4369
25647
27788
11604
22340
3316
6855
28332
26898
14413
6245
8561
8742
15894
16224
20290
248
22593
9693
11730
30005
13623
7828
16934
17991
18701
3373
29334
27203
27000
120
31572
19879
27908
10408
9451
31225
17264
5015
25355
31677
11261
1148
7651
27155
17373
27941
27403
7198
4866
6365
4435
18490
14194
21369
3713
127
24742
279
27330
18975
399
26134
6086
28307
3775
15538
26764
21039
20553
19351
19948
31814
20500
27599
26201
5105
22773
20837
12303
27639
27202
16739
13361
8628
5340
17074
8756
30083
17353
3318
16290
17752
29453
22376
13292
460
5146
7288
21499
25700
26640
8679
24746
14372
3510
18180
19477
26283
6249
31780
21155
683
15751
1748
9312
21092
18823
18068
18407
3408
21386
1929
21161
18071
24305
1685
18531
29452
8973
7262
22384
2845
15941
14362
17217
19452
32542
3926
12967
6023
2939
1354
6707
18690
3103
16019
7014
21926
1319
25421
25334
22705
27350
13727
8009
18888
15412
26540
15572
24386
1035
5188
27231
16976
19550
11681
3660
19325
15607
16628
25348
18546
17982
32055
4469
21085
15306
11483
10243
16625
4137
2810
6563
31487
16537
14572
17607
31950
8344
411
23568
9379
5599
18031
26356
25150
29712
30016
11707
12552
13876
4287
31098
31859
3575
2799
20176
18881
14283
30420
2739
18420
462
9302
17139
16999
23874
1979
16181
32218
2390
6981
8830
7990
25013
2418
372
21957
32434
12079
1741
13543
16366
72
12634
19941
2871
42
6055
17154
30462
8794
2806
30924
18096
19946
15156
9202
21925
31337
8652
24315
5551
17482
32305
30564
19900
32677
19753
19567
11988
21495
342
28355
21567
12976
15528
24438
13018
21583
8825
10713
30377
11631
8869
15705
31577
24025
24907
20734
22595
792
12282
28146
18274
11819
25942
5407
11729
12927
24974
23717
1654
25316
19304
23221
5524
2065
14892
18542
23648
23717
29255
21258
2580
5357
4195
1390
29382
29103
22124
19209
29895
1638
14587
15401
13458
7761
20808
25187
20689
13014
16136
22343
5562
2673
12797
11086
4738
27689
29629
28386
18638
26116
16876
21218
31473
21072
22608
28088
17407
11965
14529
14534
13603
29117
29935
27061
4110
17976
19480
24799
30990
2849
14375
3785
5522
27172
14871
10260
22093
11732
5878
7963
5081
22755
29181
3786
11059
19022
31874
28466
30987
13636
10232
11822
9985
7399
6116
14095
25375
25596
6127
23598
28445
20502
27383
1199
14906
9486
11459
4231
21219
17338
12194
26300
7325
8607
30086
18384
27629
29193
14082
25848
10061
24314
4903
20046
31713
11019
1373
24321
3847
7500
15151
32293
28002
9766
724
10140
19252
12184
14371
7703
29522
26565
1235
4079
2405
31322
22463
30034
27747
3777
23115
5040
28091
28018
25086
27036
6269
26459
18589
10116
1192
972
9641
29194
10738
10366
6567
29991
22550
20938
4926
19304
14736
6162
23383
17141
4716
13078
14407
32463
16855
4754
4735
12178
4
29821
6446
6273
23512
25036
16390
24704
26008
26031
21131
3979
3629
27698
1202
26179
15868
6128
12715
30604
12290
3330
14977
17006
16408
29385
16701
495
1371
21436
12673
1376
18489
19120
7649
9234
11388
24039
1170
4628
17303
22301
8607
20932
17231
9809
14344
332
15938
27059
30936
28228
30390
13146
12467
14030
9763
29168
14526
11134
17837
27199
12510
3558
13551
20160
12792
24939
11431
13963
29568
28734
3496
5407
16899
20728
15217
31243
21060
31155
25534
19228
26615
23156
32374
6314
4419
9369
2715
18945
20504
20552
13376
246
24110
26928
20406
4135
19099
31838
18098
15899
27804
21594
21307
11935
9554
3756
10410
30614
2143
3177
17075
28758
26333
16681
2305
30752
26051
5020
16929
13787
25572
30306
14033
16914
24466
1672
21049
10797
742
6379
26697
28546
27974
15236
7714
4760
18992
18124
2607
21135
21301
19682
17125
14867
3595
19430
12851
29646
24450
29781
10665
17254
27319
24699
1401
19017
26371
22450
29814
27113
28830
23743
22891
24036
6211
30605
28796
25203
15962
31403
13570
4495
18317
30696
19362
21913
17358
32214
18791
9041
29227
29457
26295
23778
21388
27696
10027
14991
17379
7073
9336
13441
30817
32227
4709
4260
30065
737
29464
13259
32141
10266
17754
17690
8194
4349
6835
25553
3795
25627
1826
254
22316
28121
24032
10936
23050
1291
25927
7661
8364
2495
21102
6413
1954
25811
10674
32019
26548
7370
12510
25921
17636
30265
10844
25831
1846
17679
18616
5641
10538
20442
5895
86
15795
29927
11022
6077
31218
4181
13738
6814
6676
2072
13228
8631
27883
23902
7882
21664
31272
20393
14817
16140
17890
25661
9203
19736
10573
27819
25377
21111
15493
31272
21198
31289
28431
32220
4598
26881
3634
18337
927
10310
20409
14155
18941
15525
5289
26824
4421
3793
14449
19238
19934
32339
12132
29137
19307
22705
24189
11916
11048
6914
10420
32246
5435
6083
31699
10034
196
2565
28371
1123
12875
16012
15279
31817
31537
20568
25873
3190
24362
7554
22429
11528
7125
1793
7897
26432
24498
32086
5580
2778
6233
16000
2257
11668
22083
1188
21702
22279
3753
17305
23402
16628
550
5913
15677
32087
26482
8782
2510
18076
16336
24939
29604
23461
26732
4733
17125
18462
4052
22705
21240
10285
5937
23497
21953
28020
24685
10888
17531
28438
28193
8166
12299
28743
14079
27976
28063
7793
3991
30573
25869
20327
22744
22705
11021
16708
27439
28146
2402
31491
18084
23642
9008
24021
14372
30961
19274
6289
9081
4037
1960
4507
12203
14259
482
26283
9467
28545
1308
13458
26350
27178
1018
16326
17115
12039
266
11786
7417
2668
10509
25501
26311
19517
16755
7915
17711
3261
14204
26792
7298
16164
31299
19502
30423
31782
13017
7123
27559
14325
20581
21142
8735
21599
4700
25851
870
4967
4869
8288
7635
15379
1021
1178
2128
17776
9093
19839
21037
23298
13864
28336
6694
12395
15070
4350
11409
28087
11473
6201
9644
32054
27343
18380
20886
32043
11463
21756
4242
16332
30044
11878
31711
31066
13056
1072
16074
22150
20911
4344
12680
2007
32680
19374
14403
14982
23724
25812
10301
2429
32013
19945
1716
26588
5557
22602
25864
17020
11590
30106
585
8867
9216
32296
7165
22273
600
23239
11655
21512
27583
24335
23519
27495
10941
5154
9709
1898
30967
20010
4327
30212
7188
6043
24033
12745
28645
17129
29766
7468
14467
30351
16335
23684
29879
23500
13189
30480
13971
24844
19224
8787
16411
9975
3514
27352
15130
13224
29250
13329
466
810
10773
7654
6853
2038
20400
2731
19167
17398
10199
867
14981
26534
24551
12092
17266
4972
9804
31237
29816
29028
7256
13459
6236
10771
8043
21366
23995
4526
1927
24461
5336
12700
32116
12189
14739
19748
14920
1138
4378
25119
2005
19359
18885
26556
31451
3383
31528
8488
1853
28576
4748
9109
9267
10984
19880
17311
32350
11107
21837
1509
2801
27173
14210
2149
6594
28949
21897
21515
30087
26275
13866
32093
12866
32752
25881
11549
3367
24642
20037
5220
20450
24786
14330
29718
3002
1442
14261
2585
12550
3330
4094
15351
30503
18304
17500
4329
14485
6629
25844
11805
136
6943
11130
13002
6927
4243
24551
10294
28885
11821
15515
16568
3839
29845
13518
6841
31287
27779
9426
11069
31109
13521
26420
28844
31825
11152
405
13543
17781
26250
25348
17917
425
3710
30919
7352
7953
22703
17646
4071
1756
393
20639
5595
30238
1389
12436
28758
29168
21863
7059
27509
2616
712
23585
1673
11864
23990
15216
29646
17472
7796
14795
17897
11506
12947
25249
19460
2882
10128
23531
4638
10521
11402
10233
7992
12791
22669
3982
9191
11764
11041
3932
14380
11753
27517
16054
23618
18739
31270
20496
3444
6299
2523
21341
17805
15470
13823
4497
18352
23951
28028
22990
1704
6662
455
9696
19453
23125
13678
28644
2121
24720
32576
16502
3705
27325
32556
27323
13297
31058
15051
16741
4589
17575
5314
22395
277
19137
26892
18630
10320
22153
8852
12025
28815
9308
21721
15501
32433
2632
11377
1786
27352
11186
18288
31057
5743
18076
25613
19040
16367
7896
3013
20956
25471
8328
10583
25749
27465
4708
11611
5018
26861
20463
17043
22908
29771
5996
5641
29436
8628
17019
31223
3212
28205
16743
1502
1180
2052
27115
20221
18419
2243
23234
6607
27715
31562
17191
20696
26260
21899
32307
31278
15992
20002
15553
6132
17006
21549
11774
13674
30178
28793
12129
622
24230
28873
2124
25410
30925
29239
12863
16576
31483
3330
23183
26430
2124
7606
14358
28384
29505
13897
26894
12729
1131
9679
18862
18137
31229
30636
31812
28639
26661
11173
29261
18123
7278
31386
10765
5435
27857
23629
22011
26572
26959
12427
20234
29083
20033
1824
24700
16771
15721
18826
29500
16853
28506
15594
2222
26967
13462
1266
22838
7355
12440
19331
25478
19718
17949
3476
25154
13039
27105
14397
6843
21296
26824
27078
17611
14090
28902
9543
30861
11856
28370
27593
28709
24108
10420
30931
18307
23882
32198
8377
31238
11870
27708
23948
31588
12890
27424
23974
25929
21761
5604
4
10289
32428
27082
27901
13750
23217
4676
11843
2305
278
6669
31014
24386
17089
29177
9925
8203
28607
18302
6673
7709
13243
30622
6530
26133
25278
30504
19294
14272
3340
19298
24561
3001
13613
19694
16751
4062
24371
28595
6367
24649
2496
4613
16268
19585
1022
26193
27788
29630
11728
1694
4571
24971
32316
11101
18336
24826
8838
4862
6330
12178
24160
30892
15179
5005
17818
31931
9067
9421
27758
15434
1303
30254
20047
17571
17071
21070
10996
12091
17932
22724
13785
22503
14927
13333
837
495
5392
9675
5357
11722
21853
29518
9846
4265
1755
27665
3428
10823
4318
31186
26257
5621
28672
13537
23192
12975
1839
1421
25066
19771
24145
6084
9506
6305
19417
10343
6800
24809
20018
12158
3764
9104
8908
13610
13369
10663
8507
16797
21486
12826
15215
14976
18447
11119
28513
8872
24094
30352
10293
16392
17355
1670
22476
26861
7975
9126
4437
14776
1167
24455
26934
4931
791
3074
18542
14160
13737
27049
30957
2456
7107
13404
17432
25555
24523
13177
1659
15849
10761
11952
32242
28116
13622
21950
22209
21598
31076
26646
3606
32244
18334
30540
4407
19125
846
22949
518
14583
17231
31475
17039
24338
12112
1703
17125
3867
14880
18784
19717
25641
30736
19191
20989
11591
8373
10431
421
6682
4309
4027
6158
22643
1799
10565
9001
2645
747
9519
17228
17978
8226
1500
9548
20338
3203
26674
24206
18084
12690
11155
10957
10659
30346
31947
22250
5951
9610
22671
12633
13919
26698
18791
3795
28497
29357
12796
31142
30104
22315
15602
15314
30541
17102
24862
18112
20306
18768
9550
5622
31459
20705
16579
9350
18283
15758
31600
24234
25368
21503
4100
6520
15433
22891
10315
11162
19480
23111
9536
16816
12658
25138
32130
10431
9473
24225
28543
29779
10225
5325
2633
8916
26030
19212
18266
11545
2203
17098
3012
27571
5833
7112
1323
21266
30003
11638
32428
16716
1981
9196
764
14639
1567
127
25071
11040
24352
20846
8051
1809
26172
10684
10726
19434
29896
28992
30980
32099
13323
1224
26903
19156
8336
28226
7655
5571
7097
7315
22287
9078
16512
23052
23718
18079
23179
16021
29119
14763
4099
4402
16572
30271
15086
27298
16938
12214
23523
15150
11546
4078
16374
5681
23234
24710
1139
30889
30281
8236
5437
19801
17315
21949
10085
8265
7260
496
24286
3611
15259
28385
8013
31831
25889
23099
26362
10059
2545
17117
25209
14091
21195
8815
19772
11661
757
20912
9783
31038
29148
15220
18071
13695
4401
28156
21960
11661
28652
13478
15272
11143
9096
23285
10207
2217
13616
3801
12276
16161
20918
4717
30253
9345
13532
17257
21006
14289
5401
30789
12559
1782
13241
30631
15477
17642
26019
4670
29303
21904
18148
11807
279
27244
2324
10486
29461
15940
14287
8969
32102
2437
13686
29587
11782
27218
14076
21
8739
19478
30810
21299
21260
11284
19162
3969
28926
12413
8639
25462
1549
26788
4501
1829
21264
6826
12315
17958
22766
26603
26927
22100
29040
7846
18919
8055
2296
228
8076
11036
19706
6118
32335
8198
17402
18729
12167
13561
31142
20807
6255
32692
14827
10756
1753
3323
17582
14068
21281
7581
7903
15441
29681
4176
23287
15833
12231
25583
16061
20307
3851
2999
26425
3418
11197
11060
22147
23364
24621
20522
11403
30876
20446
26230
8864
22199
29554
26447
3499
18067
1260
11403
740
30941
15579
24027
14006
27810
16843
30067
15349
20694
298
9006
24113
11495
20066
13492
2092
11919
1246
13495
10027
21692
6958
18892
11123
3744
12571
14623
21811
13831
26026
22552
12004
8837
13811
26011
3879
30654
23310
19228
18581
23609
28234
9926
2336
15533
23418
4428
27452
24665
17924
4712
13589
24882
23604
24713
28626
3407
6568
17669
17238
32594
7453
29242
8663
21265
22485
12542
19151
13028
31770
4964
3869
27236
14890
6205
10001
5541
10634
4686
30206
28558
9398
11027
20672
234
2972
16530
3641
9540
1431
20879
9366
8885
17353
18029
30150
7071
30571
16533
20099
29573
21498
23968
24042
3620
30173
1275
9161
8039
5961
6599
3829
15359
17627
24501
15593
20599
8263
19234
30140
9695
7345
6738
18580
24699
24768
15962
31770
22571
32495
19101
19377
21225
10301
10651
24846
7706
11926
1239
15746
17888
7839
19575
479
25466
11309
16073
13297
19572
2539
10669
29267
9885
17408
15079
1816
9408
31041
818
31979
30769
19919
18588
19226
30220
29239
11304
5158
8398
12544
20904
26286
20383
7712
26765
13081
19021
10070
26378
5825
12610
4280
2325
22495
21688
17404
24311
31096
15678
25129
30307
13679
12280
16128
137
9732
12599
11442
14890
20997
23986
3027
14515
11601
10739
8513
24682
29760
18583
18292
2817
31193
22572
5142
20920
11492
22547
12463
9820
5457
4824
7360
19136
17104
23488
19273
26836
3319
30715
8959
24317
21933
11986
6064
766
22725
14577
25448
19717
393
10973
22534
31586
777
27677
19739
12270
17456
32202
22090
22913
4259
29450
9281
21363
20170
28554
15432
23490
26502
24391
15039
15667
3609
21103
16434
26334
2913
9114
13283
3306
20087
3049
2124
20865
30726
21863
367
15414
21298
22457
5559
25557
19140
14840
14152
6542
10627
29584
30032
4361
21207
12303
20028
24816
639
3694
18382
3552
12809
31665
6858
128
1947
8982
20993
32673
30846
21360
15320
19376
11050
20879
12165
30190
2952
26317
3964
13579
23134
1229
17940
11573
13532
5200
3622
14171
8895
22004
17723
21704
20902
24581
21832
22849
796
10058
22754
31642
31418
5306
18250
9700
26186
30415
7122
29138
23964
11087
9949
14330
12316
27889
25904
25848
321
29526
7252
9216
18762
24975
30920
6896
16789
19985
29745
17585
30043
19732
16459
28693
25038
1941
5626
18456
32356
12748
14826
23552
23835
24775
5115
3383
19896
31019
29232
20218
27777
3716
29434
13771
28691
27587
20668
12712
14804
17645
30297
12079
4609
13988
8004
29648
15929
13630
15336
15517
26379
30163
6302
17446
22170
11417
20830
9299
9668
17294
29517
4677
21010
26183
18448
16933
21002
6348
29646
3038
23994
27175
15117
28603
8396
23122
25483
24325
3984
8052
7075
30363
5447
13377
15042
27617
24794
3104
4148
1694
20398
897
6371
8640
27081
24819
25573
15315
31168
22451
18354
22394
16859
703
18229
25255
23825
10945
16812
27810
18997
23887
25405
24444
4496
7679
19293
29290
10783
23442
30984
31181
24339
4587
7053
18652
29407
32627
1200
27807
22310
19554
17433
6401
20257
2894
31656
11315
13839
15701
6357
68
6820
31762
24512
11317
6674
11038
7839
17457
1712
6056
15871
26051
10643
22924
11936
7282
22783
13136
2321
12326
32690
19754
18727
20179
22649
17616
31494
3720
549
5083
3789
7369
4078
28301
18686
10752
6571
26526
28209
8283
32582
11312
1567
10457
1469
13503
17740
24252
26639
20061
3810
26561
7048
22538
13972
29697
7386
12699
649
7935
17782
4438
15304
21860
32740
1223
32612
6543
27749
28054
14827
27563
6598
16394
5252
8067
29897
22992
32320
23768
10286
3362
17561
17334
25900
31533
14263
518
11464
14912
8453
29247
19351
23758
18339
19323
24981
18184
25866
19962
13470
7925
14757
20068
24319
20009
28136
21448
10234
27688
12448
20520
31050
30009
5086
24183
28775
19349
24701
7471
1493
387
3950
20844
24145
22290
7399
16358
7706
498
3552
21176
8423
18309
8476
32743
5550
3844
21423
15784
31532
1104
3536
29815
31113
8622
21230
27120
27971
13163
1824
29465
13550
5774
17541
4927
28064
24941
21285
3002
25439
24837
24178
1094
10378
32655
1069
15929
3731
22493
31713
2496
23597
2482
32311
21942
11104
20773
16295
6308
1168
18119
3005
14719
23893
20546
19646
19190
12719
8164
22192
5390
233
13603
6485
10612
13490
7554
26541
17221
30047
25486
19717
20876
27968
19260
10051
6305
7265
26346
12613
8434
11697
15618
23153
2822
3396
10031
22012
16116
18195
11437
21506
18429
25040
27991
29041
5762
2778
22814
22983
57
15532
9933
20934
10733
29193
30985
17038
3691
24563
29651
12125
3492
12501
2510
6314
15897
12541
28327
32013
30737
6996
20752
16398
32036
15975
12671
5030
18753
2717
28013
18811
18249
5178
6977
28982
1604
5194
13252
5295
29757
10135
17420
481
22636
19930
6795
5766
32471
2354
5011
30440
9350
25763
14070
8618
8971
26741
13648
27724
29458
8894
13767
14940
14072
20744
11154
15676
25938
24407
20971
22927
1774
5623
23408
24411
25553
30204
30177
25257
32558
2420
22929
9141
28184
4232
17759
4387
30973
31408
32111
27664
7534
13111
9836
21606
1087
20990
4515
27026
12629
25486
17185
14404
31110
7826
6047
23895
5262
3456
16384
5052
5876
6546
14193
1292
10778
31953
5679
8983
30593
5023
3879
5359
18134
13715
26965
19221
1938
31480
13479
14567
24199
30665
28971
22541
5723
2250
13668
10985
5706
30053
16037
11583
3831
30231
12875
14609
29416
18555
23592
27241
23578
27472
32600
8944
8419
26797
28165
10357
25510
8877
24925
16941
6774
21128
6714
12497
23379
20382
23482
29085
17667
6751
7900
21498
4214
20776
3339
862
6563
26932
28103
30141
21636
27935
6317
30055
21965
1714
7645
14707
10591
32570
31648
17365
20930
5594
29862
11541
25976
20576
7859
10876
27328
15759
32374
31542
3767
2946
32405
10330
29878
27740
7703
18746
22908
14020
16033
12105
15735
23678
26812
26326
23480
25692
10924
11643
31286
8018
23184
24494
28595
31043
2602
23155
14035
2209
21929
17802
5155
21566
28133
2265
16539
3068
21011
6679
17089
4276
18784
56
27955
12828
26382
18667
5752
4538
30310
4270
12557
20727
28764
8384
19002
31367
31539
269
808
20700
18072
5963
9499
13437
8228
26038
16505
29239
32717
826
747
18733
882
28702
31561
27265
14602
4545
31803
12144
8815
11592
103
4811
19976
19106
3410
18747
19375
4218
6680
4679
10181
16179
18116
18409
9449
1854
14880
9398
2680
15628
28131
3563
11562
26924
30828
26164
31469
29863
5541
7516
8688
5644
12327
28664
24750
15738
14644
11358
19956
21324
16037
30138
4735
1386
15779
14184
3240
30660
23582
5920
13520
18945
9483
25082
13101
7543
18479
11802
4639
24020
19318
13327
29664
31645
9223
21647
14615
23867
237
1804
12423
16274
31942
17158
17660
14953
31342
20900
12845
22156
26821
26365
8333
3536
18680
21434
11080
4391
468
15719
28411
19786
29046
25307
18664
5501
14186
511
29369
14423
2315
9024
30698
1489
26183
15590
16443
24757
3723
29288
14146
30544
22886
22479
1312
8798
11146
12392
13189
11614
28111
8832
31401
24389
1371
17297
29891
15558
17808
26492
29981
20124
2748
27911
21613
28931
10734
5288
20921
14457
1809
2299
12233
24695
24778
13545
725
3156
25938
13914
14771
21281
22746
13404
12903
24117
30701
10026
6907
15741
3750
4121
3097
6498
32032
24711
2662
9998
29999
23583
24455
31808
25882
3920
23735
17892
17466
24460
21049
10636
5606
3052
31917
28352
16456
12052
19702
14389
22078
26609
30130
25828
30730
460
32327
29995
25171
2221
7225
22402
25804
31681
21443
18918
2833
12410
4042
20299
4103
25091
30935
9709
28143
30085
5294
11831
9369
24996
26220
31448
18837
23583
24508
16800
24043
24067
14027
16446
26288
21252
6080
19324
20165
27523
5474
22999
7166
9517
10530
11269
1840
8698
20978
29984
6015
26272
9047
15384
18500
2500
14064
4570
26083
5805
21370
17358
29872
2629
1036
23393
23881
7116
9949
11279
1872
15424
1510
9038
24941
12040
20307
26781
20738
8517
23997
26753
2022
277
9370
20522
2777
23434
25092
28860
29239
13694
13450
26344
16323
14486
16969
7437
21602
26918
18716
23474
9574
20226
32512
1747
32266
20051
28529
20237
28569
19758
14222
30591
20035
23592
18345
22812
14259
10670
18904
10730
24364
32354
4306
7920
14072
21275
15357
2907
15426
1305
26381
25000
21531
26126
26748
21029
13409
22509
8498
9210
9499
22721
7033
29535
13545
25379
19579
27804
3281
5716
5767
27645
5302
10073
2797
19375
31349
18154
22282
14007
19459
15895
6239
8222
9253
219
29252
22663
22728
4982
31873
32228
27703
6139
28995
8481
31518
15806
3517
2031
21522
9284
29676
26825
19358
32474
13432
17939
17860
2946
31946
4552
18841
5417
12774
28095
5637
9258
17990
28365
14241
17095
27825
9176
23234
24052
17657
21984
7091
21175
24015
28613
30459
20924
22670
17049
20630
3334
2220
5722
6280
1398
10274
25122
6816
23049
20449
12453
32307
5671
8050
13780
22766
3108
22957
13233
27160
7846
2449
1483
29021
26465
30097
26713
14621
19999
10994
2483
23334
13215
8205
29614
14613
18480
21968
21429
8761
9649
